0,20000
1,13335
8,7440
18,4050
21,3085
27,5290
29,12840
33,18005
38,4170
41,13805
46,8565
53,1915
58,7575
59,5725
61,10500
65,14565
81,17815
86,6630
88,2570
91,12355
95,17585
97,1275
104,9010
120,4620
127,7545
130,5735
133,16890
135,9900
137,7810
144,14030
145,285
147,3865
149,19495
160,13340
162,11880
167,5055
170,5545
171,5110
172,15820
173,13065
182,10915
185,18595
186,8370
187,17660
193,9235
194,745
204,14200
205,15795
206,750
216,9570
221,3015
236,2040
242,8700
244,11825
245,14035
246,18430
247,17865
252,990
257,3130
262,10555
264,11625
266,8550
267,6435
270,9675
277,5865
281,4575
283,9360
285,4840
286,6280
288,9740
291,7505
295,11685
297,15145
301,17495
302,16970
303,8315
304,15950
309,7945
310,12420
317,12545
320,11675
323,8930
327,3380
328,5510
331,4850
333,915
347,19060
350,5360
360,705
365,730
377,10630
380,12250
384,12255
398,5240
407,19070
408,16145
412,5145
427,4590
429,9185
432,9635
434,10275
437,3010
443,3115
445,9535
446,1510
453,18615
457,9450
458,11250
464,5380
467,8440
475,1750
483,16620
484,1760
493,17730
494,5130
495,10835
498,2565
499,15815
506,4350
510,13595
515,6190
516,14530
543,18000
547,4900
551,19155
559,10060
561,16835
564,7845
570,18110
572,5330
581,865
590,17855
603,6270
605,9840
607,3455
617,16640
624,4505
625,7900
633,2750
638,13295
639,15120
643,13150
655,13345
656,9620
659,18410
664,1410
673,14300
674,605
675,17675
677,12265
678,11140
686,19505
690,13425
693,9890
726,18305
730,8245
739,17000
742,9015
753,7330
755,13220
757,8585
766,11455
769,17600
771,3750
775,2760
778,7365
786,3060
789,19705
792,145
793,4965
797,9140
802,19750
804,4705
809,13405
811,15270
814,18160
818,17210
820,17955
822,6095
827,2950
831,1530
836,2070
842,19265
845,11305
846,18570
848,16865
850,16745
854,17295
861,5965
865,6375
867,1200
878,10380
883,5945
886,1125
889,6030
893,17545
902,14775
908,9990
909,19190
915,8905
919,20
924,17390
930,10795
933,9955
934,11805
942,16695
943,10850
945,19545
948,3605
951,10740
956,10025
958,12100
960,7050
961,14180
967,7640
973,19790
975,17200
977,3695
979,4010
980,11770
984,4735
986,5235
991,13455
992,1465
1002,9085
1004,290
1008,2275
1020,16465
1026,15455
1039,18480
1044,7395
1055,13050
1065,11730
1066,18865
1076,6790
1078,14755
1082,5410
1083,13395
1086,2680
1093,19910
1094,1675
1108,4245
1112,14425
1116,2025
1122,1795
1136,13330
1155,6110
1169,9610
1171,6700
1175,2140
1180,3410
1187,12770
1204,5435
1211,4790
1213,14430
1222,16430
1223,1545
1224,17780
1231,6050
1233,1435
1235,15340
1240,19755
1250,4980
1263,18980
1267,2945
1272,19435
1273,15920
1285,1130
1294,3300
1300,15850
1304,11990
1325,6775
1332,2075
1340,3415
1344,18375
1346,580
1350,14815
1356,17460
1371,8035
1372,4330
1375,10120
1381,4920
1384,10295
1402,35
1403,17230
1407,6330
1414,19175
1429,5335
1434,2180
1436,7985
1438,2400
1440,7770
1441,3095
1443,19245
1444,5635
1446,17165
1457,14805
1459,6010
1473,3650
1474,8720
1475,2455
1481,1335
1499,19090
1506,3860
1509,7760
1513,16675
1514,19940
1515,1625
1519,14785
1530,17625
1534,10
1535,19360
1537,2230
1544,350
1545,10005
1546,5885
1549,18120
1552,13865
1554,17180
1564,90
1565,17055
1569,11465
1574,15665
1579,9105
1585,6495
1596,18470
1597,1460
1602,15365
1607,6525
1611,2860
1617,12165
1619,17120
1624,18385
1626,8460
1627,11710
1632,4815
1633,11900
1639,10425
1642,18275
1655,17250
1656,17010
1679,11955
1685,3900
1692,8265
1699,18520
1706,8955
1712,2210
1714,9320
1720,18905
1725,1650
1730,19470
1732,8200
1736,16435
1740,11890
1742,8745
1750,13305
1751,6040
1752,270
1755,14515
1756,13245
1761,15580
1764,4365
1767,9080
1768,16565
1769,1395
1772,4905
1774,4275
1779,995
1784,12865
1789,4335
1792,5200
1795,13635
1796,2115
1804,8845
1805,17750
1806,3820
1807,11650
1811,14560
1818,19965
1821,18730
1833,5160
1834,12965
1845,6745
1849,1560
1855,4820
1859,15630
1860,16615
1862,10420
1866,10565
1880,19480
1881,14630
1885,40
1892,9865
1904,10285
1908,5775
1912,5600
1917,11135
1918,1790
1926,18335
1927,10130
1930,3550
1943,14555
1953,6480
1955,15560
1956,1980
1966,1975
1972,10695
1983,2160
1988,14625
2009,17150
2030,4085
2032,18590
2034,3645
2037,9410
2038,1025
2044,19135
2051,12205
2059,11000
2065,14260
2068,455
2072,17235
2074,10040
2075,17645
2079,19770
2080,15840
2081,12235
2084,5985
2085,19145
2088,12730
2097,6105
2099,1785
2101,12380
2102,8350
2110,1690
2112,10045
2113,7310
2126,590
2127,12485
2131,19850
2137,1390
2147,12405
2148,9550
2158,5030
2162,13570
2163,13270
2164,1170
2167,2245
2175,19295
2176,8470
2184,13010
2195,19170
2205,1115
2212,14665
2220,17345
2221,3960
2225,11450
2228,3950
2232,5840
2235,15470
2236,10360
2239,16600
2242,7460
2249,6975
2250,15965
2254,6585
2260,1185
2267,11905
2268,17440
2271,10265
2280,17135
2283,13360
2285,4530
2286,15420
2288,17155
2293,3315
2297,6205
2301,3210
2309,2510
2311,3655
2320,11965
2321,8520
2322,8775
2324,4200
2336,540
2341,18060
2342,13315
2343,6265
2349,15215
2351,6080
2352,18920
2359,10745
2366,14890
2374,395
2377,9515
2387,13905
2390,19300
2395,12190
2403,13540
2405,15035
2407,13055
2409,700
2411,15335
2416,825
2421,16260
2423,8475
2428,9050
2430,11690
2437,12580
2441,16750
2442,13130
2451,14615
2453,19575
2457,3565
2466,12525
2471,18665
2481,14620
2482,11405
2486,12225
2489,14855
2493,8250
2496,11720
2497,2835
2500,13265
2509,6620
2513,14505
2514,9160
2531,8390
2542,16120
2548,7475
2556,18215
2561,245
2567,7595
2568,19530
2577,18055
2578,5295
2580,14765
2583,12070
2588,15315
2602,13525
2604,2995
2606,2080
2609,11910
2613,15870
2619,10190
2623,14895
2633,6820
2635,16805
2638,16365
2643,14580
2645,1065
2651,5650
2655,1425
2666,4995
2668,17860
2669,11885
2691,15740
2692,18020
2694,16000
2695,475
2697,19845
2701,12750
2703,12715
2705,10530
2706,10180
2707,805
2719,17530
2727,6845
2738,910
2740,19240
2746,355
2752,3535
2756,3620
2760,19025
2765,16630
2780,7075
2790,15535
2793,11795
2796,2135
2800,2920
2804,15200
2805,3665
2806,15130
2807,7115
2816,3190
2818,6615
2834,19765
2840,19315
2843,12595
2845,17215
2851,4855
2853,4570
2867,19580
2871,11115
2874,715
2882,8165
2886,12820
2896,950
2910,13460
2911,3755
2916,19785
2918,16255
2921,5415
2934,1085
2942,4660
2954,1055
2965,19690
2967,17535
2969,9805
2971,1035
2987,5560
2990,10705
2991,14955
2995,18955
3000,7915
3007,14935
3008,5300
3010,1635
3018,12830
3025,18950
3026,8805
3037,3355
3038,4725
3039,2585
3046,1770
3049,2620
3051,16545
3056,15295
3059,17420
3060,10055
3065,14275
3072,11005
3073,7935
3078,7745
3083,2240
3096,1955
3100,14810
3101,9100
3108,14545
3110,4765
3112,14920
3116,920
3146,13875
3147,5480
3148,14645
3154,9290
3165,17595
3167,7635
3174,8710
3175,5010
3176,7410
3185,17445
3187,9135
3193,10240
3200,6900
3202,7480
3209,2675
3212,6875
3217,8450
3223,11410
3224,1490
3235,4750
3241,10165
3246,19015
3250,4410
3255,16335
3263,3915
3272,10015
3277,17805
3287,4500
3289,800
3292,2980
3295,1360
3297,7095
3300,12630
3301,6990
3303,12900
3305,18860
3309,2695
3328,8060
3335,19735
3343,6460
3350,15605
3351,2345
3353,19405
3356,1150
3358,12060
3359,14975
3361,4045
3363,19020
3371,17650
3394,4150
3396,5530
3400,6405
3409,9455
3410,16375
3411,9445
3413,1050
3418,16760
3429,16090
3432,19040
3433,3705
3437,11600
3438,16570
3439,14120
3440,15255
3446,4310
3456,315
3459,9260
3461,8570
3466,5430
3482,1500
3492,18680
3499,6025
3500,3350
3503,12850
3510,11935
3540,7880
3542,8725
3546,4945
3565,14115
3567,13775
3568,16930
3575,10800
3578,2460
3585,15855
3587,3395
3590,8400
3591,15640
3597,11365
3598,2850
3600,14770
3601,12765
3603,5555
3618,15620
3627,6735
3630,2540
3631,19340
3642,330
3646,8645
3649,10150
3657,265
3661,18450
3670,14680
3706,19445
3708,14005
3715,6650
3718,1600
3721,5020
3724,4720
3728,2030
3732,2925
3735,2815
3743,5215
3744,12385
3756,190
3761,5590
3763,10215
3767,3955
3780,17095
3782,17455
3787,1400
3788,1445
3791,12170
3794,7585
3798,10540
3813,9415
3820,13895
3825,12615
3827,13550
3830,11255
3840,19570
3842,3910
3843,4940
3857,4380
3860,19210
3861,280
3868,840
3870,170
3878,9380
3879,7765
3887,2645
3890,8355
3891,9005
3892,9835
3898,6470
3904,18205
3917,2225
3918,19760
3919,12450
3938,13240
3940,8395
3946,13675
3952,11040
3958,12375
3959,15735
3960,7930
3964,15590
3969,5900
3972,8290
3977,17505
3980,2385
3986,6725
4006,10725
4011,4220
4031,19795
4033,4885
4034,6410
4045,5120
4052,6670
4056,12415
4061,2215
4069,19600
4072,7085
4073,16175
4077,19085
4080,15235
4107,14930
4108,6730
4111,14715
4115,770
4124,6005
4130,19440
4139,17795
4142,8510
4176,7035
4177,16720
4178,4465
4180,12930
4186,4560
4190,9630
4193,14175
4199,660
4201,19925
4206,11335
4210,9700
4214,16740
4223,5440
4225,14350
4227,11760
4236,2975
4237,7700
4239,8810
4251,8120
4265,3630
4269,9790
4270,5955
4280,470
4281,14880
4289,7350
4292,3595
4293,19030
4295,11165
4298,2220
4299,9465
4302,15285
4303,7670
4304,19775
4308,4340
4310,19555
4325,14255
4329,12855
4335,665
4345,11925
4353,7865
4358,130
4363,975
4370,6635
4373,13115
4376,15945
4385,9880
4424,2155
4428,11920
4433,14335
4441,12285
4444,10690
4455,7265
4460,14050
4461,5310
4467,3110
4470,710
4480,4355
4487,15975
4497,3870
4498,17300
4502,15110
4505,300
4509,13965
4512,9470
4517,10465
4529,16510
4530,9115
4533,16275
4534,7205
4541,3875
4544,4785
4545,5195
4547,10010
4549,2045
4556,15860
4557,5465
4561,19980
4568,12260
4569,14885
4572,6165
4586,14525
4598,1080
4614,10125
4619,16190
4621,9175
4627,7125
4636,15190
4638,8970
4642,19160
4651,17050
4652,13005
4653,8770
4654,14950
4661,9645
4665,7660
4668,6335
4671,3175
4672,7895
4673,7325
4676,12845
4682,7705
4692,3720
4698,2830
4707,7610
4716,2470
4720,16775
4721,12195
4724,14280
4731,11560
4733,15660
4735,1225
4737,9690
4745,4520
4751,8675
4753,1910
4760,17305
4762,12780
4768,3135
4776,14850
4789,5655
4797,11820
4801,3635
4802,2985
4806,19820
4808,11970
4815,18105
4816,11400
4818,7860
4826,6315
4829,10610
4837,6970
4869,9325
4870,11780
4871,15070
4878,17255
4880,5890
4884,8305
4887,2205
4891,19000
4902,13560
4904,5080
4906,17890
4908,9405
4914,650
4915,8665
4919,19720
4924,6465
4928,17315
4935,16915
4936,12295
4937,9935
4941,12455
4946,14915
4949,15150
4951,5520
4952,4645
4955,10415
4969,19930
4978,7550
4984,14940
4987,6980
4990,4710
4998,11160
5000,17360
5003,13200
5009,12345
5011,960
5012,6350
5014,6575
5024,1285
5025,8015
5031,15915
5033,12625
5051,13535
5060,14320
5061,1470
5064,13780
5076,4690
5085,12885
5086,9995
5088,10100
5090,740
5091,2035
5096,12620
5102,7145
5115,16105
5120,17330
5122,8140
5123,10140
5124,18715
5157,10195
5158,10030
5162,15755
5165,10110
5174,3295
5182,3490
5185,18830
5186,3730
5189,6015
5197,10550
5208,7885
5212,1775
5216,8840
5217,18915
5221,4680
5223,6115
5228,16210
5233,10775
5235,14710
5253,1030
5269,19220
5277,6955
5282,1570
5290,7470
5293,1905
5294,9930
5297,3165
5299,12215
5301,1885
5304,13105
5306,10200
5310,9825
5314,16625
5318,19660
5323,12585
5331,11155
5334,18840
5342,8270
5343,19195
5344,18815
5346,5620
5350,2200
5355,11535
5358,8005
5359,5800
5360,4910
5361,12915
5364,2505
5365,19010
5367,19920
5369,8135
5375,5740
5377,560
5379,13650
5385,4120
5390,15210
5391,17415
5400,365
5404,12710
5408,14910
5409,17015
5413,2785
5416,16285
5417,9655
5439,7715
5444,9860
5451,2800
5459,19105
5463,570
5466,9895
5467,2175
5473,19425
5474,3070
5477,3830
5479,17685
5482,13855
5483,9480
5487,1800
5494,12875
5497,1585
5503,18540
5505,2745
5508,13520
5511,2970
5513,19005
5518,13950
5525,8815
5532,5700
5534,18700
5536,10975
5539,14095
5559,10035
5560,17640
5562,9130
5571,1255
5572,7255
5573,17515
5583,9820
5588,13750
5596,17075
5602,15330
5618,10700
5628,14420
5629,1485
5637,2050
5638,15355
5640,16940
5641,1550
5645,6945
5656,17635
5660,17880
5664,4930
5674,14410
5683,12500
5685,5405
5688,19815
5695,18345
5699,80
5707,3005
5713,4695
5718,4400
5720,17975
5724,4835
5735,17960
5741,6880
5758,7515
5792,15885
5795,14570
5797,17435
5814,4775
5829,7385
5835,12700
5840,3945
5846,6595
5847,6830
5849,18145
5854,9960
5861,1230
5864,19075
5866,3805
5882,15020
5891,9275
5901,11385
5905,11810
5911,6750
5912,11060
5913,5285
5916,10845
5924,8225
5930,10765
5934,19275
5935,14460
5940,3640
5943,7320
5944,7710
5946,12105
5949,9780
5954,2440
5957,13590
5958,15115
5965,5685
5969,16710
5970,8525
5977,13400
5978,6490
5985,95
5987,18250
5992,5845
6001,15845
6004,15220
6010,5705
6015,3935
6017,2610
6019,3685
6020,8780
6026,15595
6030,1120
6031,9605
6033,1595
6038,5870
6040,17125
6043,6600
6047,335
6057,6260
6064,17905
6076,9330
6081,5860
6089,12515
6090,15830
6093,16470
6095,10450
6098,8635
6101,9970
6107,8000
6114,12045
6115,1830
6116,14590
6119,8730
6122,4755
6130,1300
6138,6395
6141,17160
6148,3215
6149,14105
6150,13880
6151,15240
6154,8065
6157,2930
6168,17335
6176,15370
6179,19485
6199,5485
6219,11860
6220,2530
6222,5270
6224,16830
6228,16855
6229,12075
6244,1935
6260,2575
6262,7135
6265,4280
6266,16785
6268,4455
6272,5305
6278,7445
6280,16015
6283,3790
6287,13415
6292,14415
6293,19285
6304,10270
6315,10885
6322,16220
6324,16560
6327,60
6347,625
6350,8540
6351,785
6353,6170
6354,2770
6363,890
6365,3475
6373,15380
6379,18030
6381,4490
6386,14160
6389,17840
6397,6825
6401,18130
6404,6305
6405,17060
6413,9510
6420,6500
6423,16655
6424,9980
6425,18485
6426,495
6430,15570
6431,12475
6432,5155
6437,10570
6447,16935
6453,1215
6460,8195
6471,4665
6479,16195
6483,11245
6491,2475
6496,9725
6500,7025
6501,13165
6508,6665
6519,16680
6524,18785
6526,135
6527,7045
6531,4305
6539,18180
6542,5375
6548,4100
6550,10860
6560,4960
6561,10020
6564,4685
6571,6865
6577,3990
6578,10990
6586,17630
6591,3525
6595,11080
6597,8180
6601,15510
6604,14835
6605,6850
6608,4515
6620,17265
6621,8415
6623,11275
6637,13850
6643,13845
6644,4235
6649,1820
6662,10475
6665,14190
6667,16390
6669,16895
6678,6100
6689,1005
6692,4415
6693,12790
6694,16310
6698,12860
6702,11595
6705,6940
6724,13615
6736,12095
6747,15900
6751,3245
6764,9370
6766,16810
6772,14365
6776,9695
6784,1715
6785,4870
6788,13620
6790,9035
6795,1575
6798,19260
6803,7855
6813,3365
6816,8900
6831,3030
6834,14635
6837,18235
6839,14740
6847,6760
6874,12025
6878,440
6881,14650
6882,17035
6884,19500
6885,1430
6891,2380
6893,9125
6895,13440
6896,12975
6899,15675
6902,385
6904,1805
6914,13310
6925,8205
6926,3515
6935,4205
6943,14360
6944,7065
6946,855
6950,19675
6959,5265
6966,195
6972,3230
6980,17020
6991,18775
7000,9000
7011,16300
7020,1525
7030,15495
7031,9580
7037,12410
7052,3235
7058,4215
7069,12430
7071,12550
7083,4375
7086,9400
7102,3310
7105,15970
7111,6765
7118,13445
7120,1665
7121,17365
7145,255
7148,205
7149,14450
7151,11015
7152,5720
7165,19515
7172,9575
7175,6120
7177,11390
7190,2825
7197,1235
7199,7270
7203,530
7204,15000
7210,5690
7214,6200
7225,14080
7239,13100
7244,9920
7246,13920
7248,13505
7249,13370
7255,3500
7258,5875
7265,6045
7266,17745
7268,3170
7269,14845
7272,2765
7278,3260
7285,1765
7290,5790
7300,5250
7308,12980
7311,1270
7332,12810
7337,16535
7339,5675
7341,14020
7342,5340
7345,10910
7346,16635
7347,1685
7351,8300
7356,12365
7369,14720
7372,14540
7375,16295
7378,11785
7379,4000
7383,10340
7386,13600
7388,18035
7393,12230
7402,11315
7409,12150
7412,19840
7415,8105
7420,19635
7421,9390
7427,2700
7430,215
7433,8985
7434,5125
7440,1145
7443,6135
7447,18845
7450,5255
7452,4700
7455,5585
7456,17500
7461,4485
7463,4435
7473,15925
7475,9180
7480,5615
7489,12640
7490,12660
7491,16500
7498,5610
7513,19695
7527,18765
7529,10080
7530,14400
7531,19625
7546,6660
7552,6685
7554,11100
7555,8110
7557,16580
7581,9555
7582,11515
7589,4325
7597,10480
7600,19945
7605,15775
7610,11090
7616,2990
7617,4990
7621,16650
7622,19670
7634,9735
7636,1540
7640,7345
7641,13555
7643,9600
7647,1095
7652,13030
7664,845
7671,5205
7672,16975
7677,17725
7683,9720
7691,8050
7692,110
7706,13980
7707,9945
7713,17275
7715,11230
7724,13125
7726,18995
7730,4865
7749,12610
7758,12330
7761,5565
7763,9315
7765,16185
7779,1380
7785,320
7789,8130
7794,13475
7796,410
7799,14130
7806,7375
7808,16085
7814,15760
7815,8490
7817,16150
7828,6035
7830,7070
7831,9800
7833,8410
7840,10755
7842,13995
7844,5750
7857,3575
7867,11300
7870,2915
7871,19730
7874,13530
7877,830
7887,15305
7889,12940
7891,15080
7894,820
7914,3940
7923,2280
7925,13680
7932,4495
7941,7795
7948,11790
7951,835
7953,5370
7954,19665
7958,13660
7959,18965
7960,17320
7968,4880
7970,15350
7971,15015
7978,13190
7986,5670
7998,4030
8006,8880
8009,4810
8015,16010
8026,65
8043,7005
8049,19905
8052,16825
8058,2875
8068,895
8072,7730
8074,2020
8077,1355
8079,13000
8080,12775
8082,18990
8084,10245
8087,7450
8089,430
8091,1160
8093,14150
8095,725
8098,9075
8100,275
8106,8145
8113,1700
8115,19860
8119,12650
8125,6345
8128,15695
8133,13480
8134,7825
8137,19095
8144,765
8149,18780
8153,18755
8155,8230
8162,3745
8172,400
8177,7055
8178,2060
8189,9030
8196,8925
8198,19430
8214,19585
8218,10955
8221,3480
8230,9255
8236,14225
8244,15050
8245,10560
8247,10720
8249,850
8250,3495
8264,6185
8267,15230
8276,13695
8282,6835
8291,7655
8306,18125
8322,15205
8323,3065
8326,8855
8331,6520
8342,10370
8346,13815
8352,4165
8355,17115
8359,19080
8364,16780
8376,4140
8384,2580
8388,5795
8403,10920
8405,15545
8407,11635
8410,17205
8414,19685
8422,4135
8432,2300
8434,19370
8437,14550
8441,8830
8442,18010
8452,12560
8453,9215
8455,12540
8460,7925
8472,18420
8473,3120
8475,9670
8479,12370
8480,7790
8487,18930
8498,11680
8501,14330
8502,16205
8512,6235
8514,15290
8516,15075
8519,14440
8520,16450
8528,14210
8539,3810
8540,100
8549,8170
8555,3450
8556,19525
8563,7820
8564,9250
8567,13640
8568,11750
8569,7520
8571,12110
8573,17490
8575,17540
8579,5745
8581,6230
8586,19120
8588,10395
8592,10250
8593,12740
8597,19715
8599,16850
8605,6145
8611,17225
8619,11070
8634,15485
8636,18455
8637,6385
8645,8625
8647,935
8655,595
8656,10515
8657,4615
8661,17785
8663,9540
8666,16140
8674,12510
8676,14185
8692,7630
8696,19320
8701,1240
8706,3530
8713,17475
8716,14305
8729,18495
8734,7335
8736,18705
8744,360
8747,13470
8753,16765
8768,11850
8773,4360
8782,645
8784,2965
8788,15680
8789,5185
8800,19700
8806,12185
8808,11035
8810,9875
8812,7675
8816,18085
8830,7725
8831,4160
8833,16990
8841,11985
8842,8715
8843,1645
8844,12520
8848,18200
8855,6505
8858,10485
8865,4005
8869,6590
8874,4595
8877,16520
8878,13255
8895,2870
8914,19595
8925,6085
8926,16060
8929,17480
8930,16340
8937,15835
8957,4195
8961,7020
8968,3770
8979,10430
8982,5105
8988,3255
8992,16030
8993,18150
8996,630
9004,3580
9006,17465
9008,165
9014,3885
9029,4255
9031,16905
9039,11110
9045,6225
9052,12675
9055,17130
9056,18675
9065,12535
9066,18925
9070,11420
9086,15045
9096,11995
9099,610
9101,17915
9105,7295
9116,3400
9121,15790
9122,2560
9127,185
9155,305
9156,19890
9168,2310
9174,17290
9178,18500
9189,2640
9191,8630
9192,18770
9194,525
9198,11605
9199,19385
9201,5060
9202,13385
9212,13935
9216,17965
9220,8330
9230,19590
9233,7150
9237,8890
9247,17340
9250,565
9253,6065
9255,2520
9257,3075
9259,18395
9260,10665
9277,18505
9281,12200
9288,7695
9292,18910
9300,980
9303,550
9304,18350
9317,15765
9326,19810
9333,2260
9337,4550
9343,9230
9345,11360
9358,18255
9375,18340
9377,16575
9378,17720
9383,12240
9385,19640
9389,6320
9393,13080
9394,6625
9396,6455
9401,16700
9402,10710
9408,18265
9409,3050
9411,1940
9413,17810
9414,17775
9417,12815
9422,19325
9427,13985
9428,18880
9433,14970
9435,17310
9438,10390
9441,3670
9454,11930
9455,12360
9468,3435
9470,2480
9471,15700
9472,12245
9475,5400
9479,8100
9480,3570
9486,18075
9498,16515
9500,18220
9506,17990
9508,1855
9520,8095
9523,1100
9528,6430
9535,2820
9539,6140
9568,9775
9569,7995
9570,11240
9571,9120
9574,6180
9575,16025
9577,13575
9580,14375
9583,13275
9585,1920
9586,4065
9589,8150
9595,10375
9597,3545
9599,19140
9602,15750
9604,16385
9611,19950
9612,13350
9614,18190
9618,7180
9626,7275
9633,15450
9634,17175
9635,19290
9639,2150
9640,14445
9645,17985
9651,18295
9659,9925
9660,1710
9668,12955
9670,2410
9677,19830
9687,10260
9695,16645
9703,4110
9705,8495
9713,2170
9715,9245
9721,1175
9724,1260
9725,13940
9727,1515
9728,13665
9738,10085
9739,2105
9747,19450
9748,18315
9751,11670
9752,12725
9753,15530
9761,7690
9762,880
9765,18745
9766,13205
9773,6475
9774,19130
9777,1880
9801,5550
9807,15135
9819,7680
9820,15155
9834,2755
9844,14125
9851,13225
9857,18330
9864,2055
9871,10640
9873,8605
9877,8320
9881,19780
9889,19115
9894,18635
9895,18225
9896,11440
9899,14265
9900,6535
9903,15360
9912,12495
9913,11225
9914,1640
9923,1995
9926,6740
9929,1630
9930,17090
9932,4770
9943,17560
9944,12035
9947,16860
9955,9395
9956,7650
9958,12050
9965,18600
9973,8765
9976,9795
9981,17930
9989,12925
9990,7260
10004,4670
10012,16370
10016,3445
10017,15480
10023,17765
10025,8910
10034,905
10038,15225
10043,5575
10046,15710
10052,13870
10055,6255
10056,885
10060,7175
10064,16035
10069,6690
10080,2120
10087,11960
10089,5015
10098,2250
10107,9625
10109,175
10110,16955
10116,10115
10118,695
10124,14230
10126,45
10136,17710
10142,1695
10143,15540
10145,10385
10161,8190
10170,16245
10173,11350
10183,19205
10185,3590
10186,3000
10192,7400
10196,15170
10198,19960
10199,735
10208,6295
10210,415
10233,9885
10238,10210
10248,14960
10254,3895
10255,14660
10256,15415
10259,14015
10273,19330
10274,15400
10281,16755
10291,3200
10297,19270
10307,5045
10313,7555
10318,13645
10320,11055
10321,2435
10331,5420
10332,4075
10338,16995
10342,10135
10345,18290
10346,15395
10348,6125
10349,14060
10351,16455
10363,10905
10364,19380
10365,775
10372,2125
10381,7755
10384,2615
10395,1325
10396,4600
10398,12440
10399,10090
10410,10855
10411,6130
10414,2625
10415,15260
10419,14870
10422,8455
10425,9650
10427,18760
10428,14010
10429,16265
10436,9950
10439,16270
10445,3925
10451,13835
10454,1405
10458,8835
10460,780
10462,13690
10465,2630
10467,16155
10478,12220
10479,4405
10480,13235
10502,8860
10507,15265
10512,14405
10515,14395
10521,19645
10525,14340
10526,7415
10531,19975
10532,7120
10533,17680
10544,14860
10546,8480
10547,16685
10548,18890
10549,18935
10554,3615
10567,18360
10572,7740
10574,1250
10582,13580
10584,10815
10586,19745
10590,17620
10594,4925
10602,9905
10608,5350
10615,8505
10622,14325
10626,11430
10627,14670
10628,1960
10642,10605
10646,11630
10657,18850
10671,2790
10675,13175
10683,11620
10684,4895
10688,4430
10690,6515
10696,870
10698,10405
10699,18655
10701,3780
10702,18970
10703,18155
10705,5630
10706,15195
10709,5785
10710,19630
10717,10615
10730,19825
10741,4440
10743,15140
10760,16795
10764,4240
10767,8705
10768,17430
10773,16445
10776,17520
10791,16705
10796,4105
10804,5175
10807,8405
10810,13135
10812,940
10813,5905
10815,16550
10824,11530
10832,5825
10834,11330
10842,19885
10846,11615
10852,1475
10856,18465
10858,3715
10862,10715
10864,8975
10865,6605
10869,3675
10870,12600
10872,9810
10886,1015
10891,5385
10901,3340
10907,14985
10910,7160
10913,9565
10914,12825
10916,5525
10919,7040
10921,4545
10925,9335
10944,19805
10954,1365
10955,5810
10956,19995
10962,17885
10963,5855
10969,2185
10971,18440
10974,15685
10975,16945
10980,13925
10985,18050
10990,620
10996,14285
11001,7390
11005,11395
11007,10770
11015,13140
11026,3930
11042,9045
11052,12755
11058,3345
11067,11540
11073,11865
11076,3815
11083,16240
11087,11285
11091,3220
11093,5960
11095,19310
11098,17900
11099,1660
11107,16440
11112,6930
11114,10940
11124,15990
11129,3390
11139,13015
11146,10930
11147,16880
11149,14235
11150,17655
11153,860
11154,18900
11163,19835
11167,12490
11171,4580
11188,9205
11190,9710
11191,16420
11193,2900
11199,6485
11200,13410
11208,875
11209,7155
11210,1305
11216,6805
11223,17705
11224,14865
11226,12305
11239,15655
11242,16410
11261,2685
11263,18210
11266,5150
11273,5850
11275,5915
11283,14385
11291,1565
11293,11980
11303,5940
11308,15940
11310,6935
11317,1720
11319,19870
11320,1310
11324,1105
11329,535
11330,7910
11347,6070
11350,1725
11352,11200
11356,17935
11357,8080
11369,14380
11370,1890
11378,670
11379,6715
11387,14110
11390,16215
11393,16135
11395,7965
11398,10575
11400,11735
11404,18135
11414,11175
11415,11470
11420,15465
11434,3690
11440,6160
11442,17070
11446,8045
11454,2805
11455,3020
11458,30
11459,6815
11461,4040
11466,14905
11482,9615
11483,5
11486,8800
11488,2375
11490,15785
11492,7990
11496,6155
11497,19610
11499,10870
11501,1450
11506,13890
11509,6530
11514,7970
11520,7455
11523,17770
11524,3775
11525,7565
11532,15440
11533,14480
11538,17195
11546,3800
11552,460
11556,18015
11558,12055
11560,3470
11568,17185
11569,5990
11572,15320
11573,1615
11576,19150
11581,17045
11586,12720
11588,635
11591,16725
11596,4975
11598,125
11604,11665
11607,13885
11611,5980
11616,5115
11618,12910
11622,930
11625,17085
11626,15475
11628,9150
11630,9520
11632,7570
11633,19065
11634,9530
11637,8580
11645,18325
11663,16360
11672,1350
11675,8090
11680,2730
11683,15005
11685,5230
11691,17835
11693,4130
11695,19955
11697,16415
11711,18525
11719,18280
11729,2555
11731,14055
11732,8795
11744,15250
11750,690
11753,4540
11760,18530
11763,18095
11770,15065
11776,11975
11779,12395
11791,5445
11792,2885
11799,8685
11801,17790
11804,2500
11808,2295
11809,16055
11813,6290
11816,225
11829,105
11837,17550
11849,8995
11859,8235
11861,4260
11862,11120
11865,13755
11869,2110
11878,3420
11879,19395
11880,8365
11887,16080
11890,10065
11892,14600
11895,6915
11896,15645
11902,12160
11909,12180
11911,50
11913,3035
11923,7605
11924,11085
11935,1555
11946,5975
11956,9310
11958,7785
11962,13510
11965,1895
11967,13820
11970,10175
11972,6570
11977,2405
11983,18550
11984,7245
11987,7100
11993,1950
11995,10760
12001,6510
12008,5490
12012,8545
12021,13655
12033,15865
12043,5395
12047,13020
12058,8445
12061,14205
12065,13710
12070,9500
12077,19550
12079,18835
12080,10880
12081,55
12084,16230
12085,13970
12086,6705
12093,13355
12111,12080
12120,4830
12122,14355
12124,16235
12130,8555
12131,10345
12136,5505
12145,230
12152,17580
12155,8260
12156,1970
12157,6870
12159,9305
12161,13715
12163,2420
12173,5280
12177,9595
12178,13975
12181,5935
12189,5450
12191,16840
12205,11425
12206,2890
12214,9340
12223,11105
12232,5070
12234,11830
12265,6860
12267,3430
12270,155
12271,2085
12277,10290
12278,14510
12280,12880
12286,5765
12287,13700
12289,8935
12291,9265
12295,16660
12296,14195
12297,18725
12298,8965
12299,16280
12300,2740
12306,18630
12307,10900
12309,10895
12314,2265
12327,10865
12329,3735
12334,18560
12335,1190
12337,18870
12338,4475
12343,1220
12344,14705
12349,8875
12357,13280
12365,17590
12369,17325
12377,9910
12380,13040
12383,12310
12392,250
12393,200
12394,18070
12395,16020
12398,6710
12399,15060
12408,1045
12409,14925
12411,7890
12416,4190
12419,17140
12423,15610
12425,7500
12427,1385
12430,10145
12431,9965
12439,12985
12451,17555
12454,12690
12458,9065
12459,19350
12462,17950
12475,4470
12479,9165
12480,12140
12484,17525
12487,13915
12488,10365
12491,1010
12500,16485
12502,9985
12507,10535
12510,8115
12516,19800
12518,7285
12525,1735
12529,7540
12531,2395
12548,9420
12553,9190
12561,15825
12566,19710
12569,2315
12570,11585
12572,2320
12573,3975
12576,5470
12581,3985
12584,4025
12585,12645
12588,5500
12592,3270
12599,11705
12603,19420
12613,10730
12614,13725
12623,6020
12628,1000
12630,640
12634,4635
12638,13955
12644,5190
12645,19280
12651,11290
12655,7775
12656,14065
12665,4985
12666,9210
12667,2960
12668,25
12671,4020
12674,12125
12704,12340
12706,19855
12718,5770
12719,3700
12728,16050
12732,13375
12738,19565
12757,390
12762,15565
12770,14040
12771,3845
12777,11545
12783,13025
12785,18435
12792,19650
12794,15030
12810,5970
12812,2655
12829,19970
12837,2360
12839,8210
12840,1835
12842,15310
12848,435
12850,12325
12851,405
12854,180
12856,14475
12859,1925
12865,11480
12872,14795
12876,5425
12884,14900
12886,2720
12887,16525
12888,16585
12894,14520
12904,4950
12909,16715
12912,15185
12922,18490
12923,18080
12929,2190
12930,18640
12931,17005
12937,8895
12941,9560
12943,18685
12955,2895
12958,8280
12960,17870
12961,11840
12966,1420
12973,6195
12988,2635
12989,6450
13002,10985
13004,8295
13005,6655
13015,4015
13016,12665
13020,1020
13028,11050
13032,13705
13035,4385
13036,15955
13056,2795
13063,6445
13066,19615
13072,7110
13077,2535
13079,12635
13086,10890
13088,11320
13101,12785
13102,18415
13107,10070
13111,12350
13116,17740
13117,3740
13118,13250
13123,8590
13147,13785
13148,10645
13156,6770
13165,2515
13172,14085
13175,14490
13177,6995
13179,3100
13194,11815
13196,11590
13197,7340
13208,9355
13215,9025
13216,15245
13222,19875
13223,8945
13224,1985
13227,11875
13228,16460
13232,15555
13250,13070
13260,1135
13261,10320
13262,15905
13267,2330
13269,11645
13270,18945
13278,18185
13285,9280
13289,9765
13291,18380
13292,5595
13293,11130
13307,5925
13313,13515
13317,4875
13323,16960
13325,7360
13335,14965
13336,12030
13338,6250
13344,15500
13350,16540
13352,12280
13353,10460
13356,1930
13358,7815
13370,11340
13372,12990
13375,16330
13379,12210
13380,2780
13383,18720
13385,8530
13427,6440
13428,10805
13429,10590
13447,1590
13450,8485
13461,16475
13462,8650
13463,4180
13465,14750
13469,14640
13472,5210
13478,7625
13481,685
13492,13260
13493,10050
13495,9730
13497,17220
13499,8915
13500,4315
13512,3970
13528,18555
13543,3520
13544,18230
13566,450
13567,10185
13570,11270
13596,9665
13604,10965
13608,6675
13614,7665
13626,13035
13632,10825
13640,7140
13642,7250
13648,4795
13650,14135
13657,17405
13665,655
13680,11940
13682,16690
13685,12590
13687,6300
13692,5220
13696,8425
13701,17970
13711,1315
13716,10335
13729,9375
13738,7280
13739,2955
13741,3040
13743,3555
13754,13770
13760,10440
13768,16250
13772,10445
13777,3385
13778,11660
13788,2350
13791,760
13804,12090
13807,8600
13813,9430
13815,11445
13816,11755
13822,17910
13830,11210
13832,3835
13833,7525
13834,4345
13843,7315
13853,15090
13857,6425
13858,8185
13863,12270
13866,235
13867,19250
13870,6785
13874,5950
13877,14535
13884,11580
13890,6560
13891,7430
13898,1375
13905,1040
13907,16040
13908,9295
13910,11490
13913,12000
13915,1330
13924,3330
13937,5780
13951,18960
13952,19680
13959,3325
13963,8785
13964,16980
13965,12015
13971,6090
13973,14170
13974,8670
13977,10075
13990,14690
13992,12835
13996,5680
14006,5760
14007,11045
14013,10735
14019,9365
14022,11295
14025,8940
14045,8575
14049,8375
14051,5050
14054,17145
14063,10580
14066,11505
14072,14000
14073,7200
14079,14145
14085,10315
14087,5640
14104,120
14108,15730
14118,11435
14127,4420
14128,11145
14140,15670
14141,13500
14159,3335
14160,12390
14167,510
14175,5665
14179,14595
14180,8255
14181,17945
14191,19180
14199,2525
14208,3265
14209,13720
14210,16045
14212,5660
14225,15800
14226,5315
14229,18795
14230,4585
14238,15490
14244,11260
14245,6055
14249,3855
14256,1655
14257,15935
14260,7355
14261,10455
14267,13485
14268,17995
14273,14090
14283,4800
14297,8920
14298,11745
14313,6645
14318,7850
14320,3465
14322,13765
14325,3155
14327,16065
14339,2725
14341,9055
14346,2130
14349,4640
14355,2255
14358,12120
14372,16170
14375,5040
14377,16355
14391,900
14394,7600
14396,1340
14409,19560
14412,7490
14416,970
14419,9715
14422,6905
14429,1440
14434,14735
14437,5365
14439,3045
14442,2430
14445,16730
14450,14675
14455,1345
14457,2290
14470,8535
14471,13465
14473,9300
14475,16160
14476,10155
14484,4300
14488,5920
14494,810
14496,15
14498,18445
14507,10875
14512,500
14522,9475
14528,12320
14531,13730
14546,16320
14547,19535
14548,12890
14557,10980
14559,3320
14565,13290
14566,4655
14567,4145
14568,15410
14573,10305
14575,10225
14578,420
14586,6325
14589,10410
14597,985
14598,18270
14600,14345
14602,6310
14603,19365
14624,150
14625,14790
14627,6890
14628,7210
14629,8865
14653,7830
14668,16165
14669,18690
14670,7220
14672,4525
14675,14945
14678,9915
14682,8825
14685,15435
14690,5355
14694,5695
14696,16200
14699,11610
14702,5755
14706,16735
14712,11010
14722,16920
14724,7615
14734,14045
14740,19740
14744,2660
14745,1865
14747,3275
14749,10830
14753,6950
14754,18810
14758,8980
14759,15985
14774,17800
14781,7920
14782,18650
14785,1965
14786,680
14787,14685
14792,16395
14802,7645
14803,3890
14804,10810
14805,9705
14807,10960
14811,11765
14814,16305
14817,18195
14818,11325
14831,9785
14834,5515
14836,13610
14839,9060
14844,1810
14852,3055
14855,19165
14856,19235
14865,10310
14877,15100
14882,6610
14891,12530
14894,8075
14899,6960
14906,13630
14911,15460
14912,8790
14915,4175
14921,11520
14927,12935
14933,9760
14936,17375
14942,8010
14946,19390
14959,12275
14962,14605
14963,17610
14965,7940
14970,4510
14972,15300
14985,1180
14988,11775
14993,2545
14996,13110
14999,3360
15001,4070
15004,3795
15017,13215
15019,9460
15022,1280
15027,6910
15032,16605
15034,8435
15042,17260
15046,17190
15051,965
15052,8070
15053,8610
15058,3560
15065,3425
15073,7980
15086,4970
15089,14465
15098,5835
15108,5580
15110,19520
15111,10510
15112,160
15115,7105
15121,4605
15123,6550
15133,15375
15137,19605
15140,5995
15150,15770
15151,16985
15152,11355
15163,7420
15188,345
15189,10000
15195,12760
15201,12735
15206,6150
15211,17570
15212,10945
15214,15275
15219,3405
15220,6895
15235,9155
15238,11220
15240,12175
15246,5095
15247,2270
15249,8160
15270,2940
15276,1825
15279,19345
15287,2095
15289,3080
15290,13545
15295,15880
15297,4320
15299,1705
15302,12300
15303,4035
15307,4295
15309,15980
15313,2665
15324,16380
15333,6215
15338,5460
15340,720
15342,12435
15349,585
15350,9285
15372,7875
15375,7290
15387,18750
15390,2145
15392,17830
15395,3140
15408,7960
15413,4290
15414,8615
15423,15895
15424,5225
15432,14990
15445,15780
15446,14140
15451,4390
15452,18425
15475,15585
15478,1815
15486,18610
15489,13195
15494,5805
15507,1295
15509,13095
15511,17170
15512,5820
15515,2650
15517,10330
15532,3660
15538,19620
15539,8760
15543,8595
15545,3850
15546,2425
15547,7975
15552,11185
15555,6360
15558,1780
15560,10160
15561,9640
15562,10970
15579,11800
15583,8640
15598,5645
15600,16290
15607,19990
15608,9200
15610,18090
15611,7485
15612,13605
15622,795
15628,19125
15630,4825
15635,13625
15636,9755
15646,16425
15651,8285
15652,465
15654,5715
15655,14220
15656,10925
15664,18170
15673,16910
15693,15690
15716,7030
15717,11915
15718,2465
15735,485
15736,4080
15737,18695
15743,2550
15745,1860
15746,1290
15751,3760
15755,4730
15759,18710
15773,10595
15777,16095
15779,13300
15793,2325
15799,15520
15807,17270
15813,6245
15814,11740
15817,675
15822,13740
15825,8240
15833,9270
15834,3240
15850,13180
15862,6800
15866,13735
15867,18240
15869,2705
15872,17280
15877,9440
15880,13990
15894,5075
15903,16950
15909,7805
15914,1075
15918,1875
15919,18885
15922,9660
15923,17400
15925,11180
15937,11310
15940,12685
15943,1605
15951,755
15953,8155
15956,11495
15957,4225
15962,17485
15968,2090
15973,945
15976,18535
15977,18245
15986,3505
15991,7380
15993,1140
15994,9940
15995,16900
15999,2285
16000,4650
16001,6885
16004,17665
16010,9545
16013,15345
16014,18390
16017,10400
16021,14470
16026,12130
16035,14585
16039,16530
16044,10220
16045,5455
16048,8025
16049,13145
16062,14215
16064,18575
16078,11265
16089,15505
16092,15445
16102,8055
16108,4890
16116,15805
16117,18365
16118,17850
16120,17355
16123,2735
16128,16815
16129,19410
16132,10230
16135,13800
16136,3375
16139,8125
16142,1245
16144,925
16158,14270
16159,7405
16160,6965
16161,955
16169,10660
16178,13790
16184,18660
16192,19110
16195,8275
16198,14730
16200,7800
16203,260
16210,14435
16222,12795
16224,11895
16228,8175
16239,14495
16240,9090
16244,10495
16248,4555
16252,6340
16256,6810
16259,11475
16268,7950
16271,6075
16291,11855
16296,545
16299,13170
16302,3980
16304,15515
16305,16590
16314,2810
16321,10750
16325,14485
16326,14165
16334,16820
16342,11695
16353,10325
16354,7190
16358,16505
16362,19865
16366,505
16380,15910
16383,17760
16396,3680
16398,16495
16399,2305
16403,13830
16406,17735
16408,6640
16409,10300
16412,8465
16426,7215
16428,3600
16440,15390
16441,9350
16443,18805
16444,17565
16445,2600
16456,14100
16465,11485
16470,17690
16477,17875
16481,12605
16486,12335
16490,4265
16491,18510
16496,5605
16501,8870
16503,5090
16511,12470
16512,3225
16514,8850
16526,13565
16528,6000
16532,1155
16536,6925
16537,1610
16540,445
16543,9680
16544,5320
16550,10470
16556,10205
16558,790
16559,16345
16560,8735
16564,85
16568,6060
16570,1730
16577,19935
16578,8515
16585,7130
16593,17670
16596,14500
16605,2715
16614,12565
16619,4935
16620,1265
16623,15025
16624,13210
16629,13945
16630,12695
16635,17925
16636,615
16637,2370
16641,5135
16642,7010
16645,3125
16647,9815
16649,12425
16651,425
16652,8620
16656,10585
16657,8420
16660,1070
16662,13795
16674,13285
16681,19490
16693,13380
16695,7425
16706,17450
16714,3920
16718,6420
16723,6540
16727,4845
16732,1480
16733,4095
16734,19900
16740,9145
16745,1870
16746,3370
16747,9220
16750,18300
16752,16610
16755,6985
16763,4370
16770,15890
16777,13045
16781,2340
16784,5245
16785,4155
16786,8750
16792,10625
16793,10525
16794,555
16800,15550
16802,11205
16819,17700
16830,19915
16832,9975
16843,5170
16844,5910
16845,12135
16848,2710
16852,8560
16863,4285
16874,15325
16887,2935
16889,2000
16900,17510
16903,3995
16904,210
16909,11500
16914,13900
16915,3905
16917,4230
16932,14295
16938,15105
16940,16555
16946,16350
16954,7225
16956,14025
16957,14610
16963,11075
16965,1320
16966,3610
16967,18895
16976,12945
16980,4955
16986,6285
16998,575
16999,7590
17000,19335
17004,3540
17013,2365
17014,10350
17015,17380
17019,11715
17021,18100
17024,5345
17035,9850
17043,13585
17048,9040
17050,18625
17051,8430
17053,10490
17055,18580
17056,1165
17057,15600
17061,13745
17063,1680
17069,7195
17074,13435
17089,17025
17092,8380
17098,4915
17101,6720
17104,12020
17106,3250
17111,15725
17118,5895
17124,18045
17125,6565
17131,2595
17138,8740
17139,15575
17140,9095
17142,18825
17151,6780
17154,8020
17156,5165
17157,8335
17165,17110
17172,17920
17176,9585
17181,1900
17183,6175
17203,5710
17204,12465
17214,3485
17222,17575
17225,11125
17228,18620
17236,10950
17242,14655
17243,18285
17248,19985
17253,19185
17261,12555
17268,5085
17277,1620
17283,11380
17289,6680
17292,11345
17298,9745
17318,17030
17330,19415
17332,9425
17335,4740
17338,5535
17342,5140
17347,3160
17354,18605
17357,16870
17358,17245
17361,7090
17362,7580
17365,16325
17371,11375
17378,16925
17382,7170
17386,11190
17392,2235
17394,1520
17395,1090
17398,17065
17399,5065
17403,13090
17406,2445
17407,19540
17409,4780
17414,12970
17416,3440
17418,11700
17424,11725
17426,10355
17434,4425
17445,2605
17447,3510
17448,11280
17449,17080
17456,3145
17462,12445
17466,12505
17478,6210
17496,19100
17503,11195
17512,10650
17516,4745
17518,14830
17537,9225
17540,3150
17543,15125
17545,19400
17549,5390
17558,4715
17578,1110
17579,16800
17583,16180
17585,2865
17586,16130
17588,7780
17591,15430
17592,340
17599,9855
17600,13840
17601,4210
17604,12670
17611,5275
17613,15095
17616,11945
17627,7165
17629,13325
17635,1535
17641,9495
17643,12010
17661,19200
17663,13230
17664,18460
17666,16075
17668,18165
17682,16790
17683,17040
17687,10780
17690,19465
17691,10995
17692,8345
17695,6390
17697,4805
17698,4610
17699,9870
17709,4565
17724,17825
17734,3290
17737,19510
17739,17980
17742,15405
17749,17385
17751,12960
17754,7080
17759,10600
17761,220
17766,17755
17770,17100
17772,13420
17773,15960
17776,2195
17778,13365
17782,12920
17794,10620
17796,515
17804,14840
17812,14245
17816,3185
17831,8340
17833,2905
17840,3205
17843,13670
17851,9020
17862,4675
17864,14455
17873,2495
17876,11640
17880,8755
17884,18400
17886,380
17898,19455
17903,10685
17906,7370
17917,2010
17919,6695
17920,13860
17930,14290
17931,12460
17936,5540
17940,5005
17944,3585
17957,9170
17960,15010
17962,7560
17963,6555
17967,16070
17972,19475
17984,19880
17988,14725
17997,14315
17998,18175
18000,13185
18006,115
18010,18565
18021,6415
18027,6275
18029,6840
18035,6755
18049,4055
18061,8325
18067,5830
18069,16670
18080,16480
18085,10280
18086,16595
18094,15040
18101,12315
18114,8960
18118,11370
18139,6380
18142,6220
18161,19035
18168,3025
18173,15085
18180,1195
18181,8385
18189,18940
18191,18820
18192,7835
18194,7840
18199,16845
18202,6855
18204,7230
18205,8655
18206,14070
18210,7305
18216,18740
18217,13685
18220,12680
18224,13390
18225,5880
18234,18645
18238,8950
18243,2910
18256,240
18257,12065
18264,12145
18279,490
18281,13810
18282,11415
18283,18355
18302,5100
18303,2165
18304,15525
18307,18790
18309,16315
18310,14825
18316,19215
18317,9505
18322,17895
18324,5495
18326,11835
18330,17240
18336,9485
18341,9110
18348,11065
18349,11845
18353,4125
18361,5025
18362,1495
18364,12705
18377,19045
18382,16770
18386,15745
18389,2880
18397,3280
18399,10790
18401,12575
18408,1850
18414,9750
18418,310
18427,9525
18433,19225
18439,11235
18440,15165
18441,7905
18450,4445
18453,8310
18457,15615
18459,10840
18468,15930
18480,7495
18485,10670
18487,6365
18489,1745
18490,1755
18499,1210
18503,3880
18522,8680
18528,17350
18544,18320
18545,4535
18550,6920
18555,13155
18565,7750
18566,14745
18572,11460
18576,9685
18579,18985
18584,11215
18590,10095
18591,11510
18602,2005
18609,3825
18611,14155
18620,1845
18621,2840
18622,7235
18645,14370
18647,17615
18648,1415
18652,6355
18669,10680
18683,19375
18685,0
18696,12290
18697,7465
18703,10255
18704,3195
18707,11655
18711,13450
18714,2670
18715,14250
18719,10170
18720,10435
18723,10655
18724,9845
18725,16125
18727,3090
18728,14575
18729,8660
18733,10820
18734,6795
18736,17105
18740,11570
18747,11150
18749,12040
18751,7060
18755,18310
18756,14700
18760,2335
18769,4270
18778,4860
18782,7685
18788,15875
18790,17820
18792,15175
18793,5730
18795,5325
18800,16100
18809,10785
18831,12480
18836,7955
18845,17410
18846,8220
18848,18025
18850,13120
18854,13910
18855,3965
18856,17940
18863,3625
18867,7720
18875,10675
18876,4625
18877,13060
18882,11095
18884,7015
18887,3710
18891,9590
18909,14075
18912,3765
18913,1990
18919,13495
18926,16400
18931,295
18934,7000
18936,18875
18938,2415
18939,11870
18941,11575
18952,10105
18953,1580
18956,8360
18960,12115
18964,15720
18966,8215
18968,11025
18974,520
18977,16875
18986,16115
18989,19255
19004,4090
19009,1840
19010,7435
19012,18515
19024,12005
19036,12745
19050,2490
19052,11020
19054,140
19056,4760
19062,9770
19066,2390
19072,600
19075,1455
19081,4450
19084,19725
19086,8085
19099,10935
19101,4185
19103,9195
19106,19055
19113,13960
19115,10545
19118,9070
19119,5180
19124,14780
19128,18855
19132,3305
19147,3725
19158,3285
19163,12400
19166,15280
19169,13160
19171,5570
19176,18545
19180,375
19183,11550
19188,7510
19195,3840
19202,2855
19207,75
19215,10505
19217,9345
19219,1740
19222,12895
19227,4480
19237,1945
19239,12085
19243,70
19250,16005
19251,11030
19252,14980
19265,2690
19266,14875
19268,12870
19273,4060
19277,13760
19278,7870
19285,1670
19286,2450
19293,15650
19298,10520
19299,15810
19300,8030
19301,11950
19308,14995
19310,2015
19311,17470
19312,13930
19313,17715
19314,18260
19316,7735
19319,8990
19321,5930
19325,18735
19327,8690
19347,19355
19354,17425
19359,1370
19375,5625
19381,2775
19387,15625
19398,19230
19404,9435
19405,13825
19422,4630
19425,6545
19427,17395
19429,19895
19431,5000
19432,13490
19436,2845
19443,16405
19449,15425
19450,15160
19452,2485
19476,16885
19479,18585
19485,9240
19488,8820
19497,5475
19505,8695
19510,19655
19515,19305
19533,5260
19535,9385
19537,18065
19544,16490
19547,14310
19558,12655
19581,7185
19586,14760
19588,15635
19592,12805
19595,2100
19601,12905
19604,5815
19612,10235
19624,7240
19625,7535
19627,17370
19629,2590
19630,19050
19634,6580
19648,15385
19651,16665
19654,1505
19673,12950
19682,370
19687,4115
19694,7530
19695,14800
19711,17605
19714,325
19717,4250
19723,16965
19724,6370
19735,18670
19736,8885
19742,14240
19743,12570
19746,1060
19749,3105
19756,15705
19757,12155
19772,480
19776,18370
19780,11555
19786,815
19788,8500
19791,13430
19798,3785
19801,12995
19806,16225
19811,18405
19812,18975
19814,15995
19815,6400
19822,10635
19827,8040
19830,17695
19831,9490
19832,19460
19835,14695
19838,9830
19842,4395
19843,18140
19846,14390
19853,18040
19855,13320
19857,12800
19864,15180
19866,7620
19871,3180
19873,11565
19878,18475
19899,18115
19903,4460
19908,13075
19909,11170
19910,5035
19917,2065
19927,17845
19931,14820
19932,1205
19957,15055
19960,3460
19963,6240
19965,18800
19978,17285
19980,11525
19983,2355
19988,13085
19989,7300
19990,15715
19991,16110
